,gender,married,dependents,education,self_employed,property_area
gender,1.0,0.3637,0.1752,0.0346,0.0087,0.1294
married,0.3637,1.0,0.3823,0.0149,0.0,0.0248
dependents,0.1752,0.3823,1.0,0.0657,0.1104,0.0943
education,0.0346,0.0149,0.0657,1.0,0.0043,0.0479
self_employed,0.0087,0.0,0.1104,0.0043,1.0,0.0418
property_area,0.1294,0.0248,0.0943,0.0479,0.0418,1.0
